# pt
[ 6.0000, 10.5000, 13.5000, 16.5000, 12.0000],
[16.5000, 27.0000, 31.5000, 36.0000, 25.5000],
[31.5000, 49.5000, 54.0000, 58.5000, 40.5000],
[46.5000, 72.0000, 76.5000, 81.0000, 55.5000],
[36.0000, 55.5000, 58.5000, 61.5000, 42.0000]

# tf
tf.Tensor(
[[ 6.  10.5 13.5 16.5 12. ]
 [16.5 27.  31.5 36.  25.5]
 [31.5 49.5 54.  58.5 40.5]
 [46.5 72.  76.5 81.  55.5]
 [36.  55.5 58.5 61.5 42. ]], shape=(5, 5), dtype=float32)

tensor([[[[ 6.0000, 10.5000, 13.5000, 16.5000, 12.0000],
          [16.5000, 27.0000, 31.5000, 36.0000, 25.5000],
          [31.5000, 49.5000, 54.0000, 58.5000, 40.5000],
          [46.5000, 72.0000, 76.5000, 81.0000, 55.5000],
          [36.0000, 55.5000, 58.5000, 61.5000, 42.0000]]]], device='cuda:0',